1000005,15
1200002,15
1200003,15
1201005,15
1201010,15
1201003,15
1001005,15
1110001,15
1202009,15
1020014,1
1020013,1
1020002,1
1202012,15
1202010,15
1020015,15
1020017,15
1202011,15
1020016,15
1020018,15
1010010,1
1010009,1
1010007,1
1300005,15
1010008,1
1300004,15
1300006,15
1211006,15
1300007,15
1310018,15
1310021,15
1021002,1
1021007,1
1310022,15
1300009,15
1310019,15
1300008,15
1030003,1
1410011,15
1410012,15
1502007,1
1502008,1
1501001,1
1610003,1
1502006,15
1610004,1
1041004,1
1041003,1
1611002,1
1611001,1
1720004,1
1720006,1
1730020,1
1730015,1
1730007,1
1730019,1
1730016,1
1042001,1
1044001,1
1730017,1
1730018,1
1042002,1
1740001,1
1050007,1
1740002,1
1750003,1
1050009,1
1050004,1
1700010,1
1051004,1
1750002,1
1820001,1
1051003,1
1050010,1
1700008,1
1700009,1
2113005,1
1770001,1
2113001,1
1080001,1
1080002,1
2105031,1
2000001,1
2020001,2
2101003,2
2101001,2
2112008,2
2020002,2
2111004,2
2102005,2
2103007,2
2103008,2
2104007,2
2103009,2
2103014,2
2103012,2
2104008,2
2104009,2
2103010,2
2104002,2
2210002,2
2105014,2
2105016,2
2105015,2
2105017,2
2105018,2
2105001,2
2105019,2
2105020,2
2105002,2
2105021,2
2104010,2
2105022,2
2112009,2
2110013,2
2510007,2
2700001,2
2510006,2
2500016,2
2500015,2
2500021,2
2710002,2
2500017,2
2240000,2
2500019,2
2710003,2
2240001,2
2500020,2
2900000,2
2640001,2
2660001,2
2810001,3
2941001,3
2942001,3
2943002,3
2943001,3
2960001,3
3210001,3
3340001,3
5610000,3
3441001,3
3450004,3
3431004,3
3431001,3
3430007,3
3404002,3
3604001,3
3430006,3
3430003,3
3414001,3
3701001,3
3421004,3
3414002,3
3412001,3
3826002,3
3826003,3
3825004,3
3823004,3
3823003,3
3823002,3
3820004,3
3820002,3
3820001,3
3804007,3
3806002,3
3801002,3
3815004,3
3802001,3
3802006,3
3940001,3
3802005,3
3804005,3
3802004,3
3814003,4
3804006,4
4120001,4
4334001,4
4306002,4
4335002,4
4308001,4
4331004,4
4302001,4
4302014,4
4308003,4
4314002,4
4323007,4
4320001,4
4321001,4
4400002,4
4320003,4
4314003,4
4311003,4
4313003,4
4311004,4
4311005,4
4301005,4
4502005,4
4410001,4
4502004,4
4501004,4
4503003,4
4503002,4
4501003,4
4503001,4
4502003,4
4501001,4
4506006,4
4506007,4
4551004,4
4551005,4
4552002,4
4540005,4
4557001,4
4524001,4
4540006,4
4523004,4
4523002,4
4522003,4
4520005,4
4515004,4
4537003,4
4555001,4
4515005,4
4513004,4
4554003,4
4515007,4
4610001,4
4513001,4
4513003,4
4535001,4
4511002,4
4512002,4
4511003,4
4531002,4
4531003,4
4530001,4
4532006,4
4732001,4
4721001,4
4721002,4
4722001,4
4723001,4
4723002,4
4730004,4
4726004,4
4726003,4
4726001,4
4712001,4
4713004,4
4716005,4
4715002,4
4711004,4
4711001,4
4704001,4
4710001,4
4711003,4
4820001,4
4810003,4
4703003,4
4810001,4
4703002,4
4900004,4
4901002,4
4900002,4
4902005,4
5101005,4
4902002,4
4902003,4
4900003,4
5111002,4
4902004,4
5101006,5
5100003,5
5100007,5
5000001,4
5100001,5
5100004,5
5100006,5
5100005,5
5111001,4
5110003,4
5110002,4
5200005,5
5111004,4
5120004,4
5120005,4
5200001,5
5200006,5
5120003,5
5120006,4
5200007,5
5210002,5
5220006,5
5221005,13
5221006,13
5211004,5
5414004,5
5414001,5
5220007,5
5414005,5
5211003,5
5310001,13
5424005,13
5415004,5
5421005,5
5410008,5
5410005,5
5320001,13
5425003,13
5410007,5
5404001,5
5423003,13
5410002,5
5423013,13
5410006,5
5401003,5
5426004,13
5403002,5
5411001,5
5403006,5
5422002,13
5733010,13
5733006,5
5427007,13
5500003,13
5733007,13
5733008,13
5510001,13
5427008,13
5732002,13
5510005,13
5732001,13
5733009,13
5427006,13
5510002,13
5500001,13
5741002,13
5706003,5
5721017,5
5520002,13
5721016,5
5722001,13
5520001,13
5723001,13
5721001,5
5720003,5
5722002,13
5720001,5
5730012,13
5730014,13
5730008,13
5744002,13
5530005,13
5530003,13
5730016,13
5744003,13
5706001,5
5705001,5
5737002,13
5730013,13
5730015,13
5730039,13
5707003,6
5737008,13
5745001,13
5530002,13
5710007,6
5710001,6
5737006,13
5748003,13
5704006,6
5746001,13
5703009,6
5737007,13
5711003,6
5703008,6
5740005,13
5717008,13
5704005,6
5748001,13
5704002,6
5740004,13
5704004,6
5716004,6
5702011,6
5702001,6
5716001,6
5701008,6
5716011,6
5800002,13
5716005,6
5747001,6
5701005,6
6056003,13
6040001,6
6011003,6
6042004,6
6042003,6
6055003,6
6010014,6
6011001,6
6010015,6
6044001,6
6008009,6
6006001,6
6010016,6
6019003,6
6019005,6
6012003,6
6003001,6
6000003,6
6120001,6
6000004,6
6015003,6
6013005,6
6018009,6
6013001,6
6013006,6
6018010,6
6013008,6
6132002,6
6016004,6
6034004,6
6027001,6
6028001,6
6027003,6
7120002,6
6034003,6
6036001,6
6130001,7
6130002,7
7106007,6
6130003,7
7104005,6
7118003,6
7123001,6
7104002,6
7103003,6
7119007,7
7121003,7
7116004,6
7116005,7
7210001,6
7200001,7
7373003,7
7115001,7
7373004,7
7371002,7
7384002,6
7381003,7
7381002,7
7383001,6
7370001,7
7378004,7
7378002,7
7379002,7
7374006,7
7374005,7
7376002,7
7341002,6
7374004,7
7359005,7
7359001,7
7358008,7
7378003,7
7342002,7
7320003,7
7320002,7
7321001,7
7321002,7
7306001,7
7340002,6
7357003,7
7303000,7
7358007,7
7358006,7
7317001,7
7355006,7
7317005,7
7337002,6
7355002,7
7355007,7
7352003,7
7301000,7
7340003,7
7301001,7
7335004,6
7353001,7
7352002,7
7336003,6
7345001,7
7350001,7
8142001,6
7331002,7
7350006,7
7314002,7
7350007,7
8118003,6
7332003,7
7330001,7
8118004,6
8141001,6
8141002,6
8140005,6
8210002,6
8106003,7
8106002,7
8117009,6
8117003,6
8117002,6
8140001,6
8210003,6
8113001,7
8105004,7
8135003,6
8105003,7
8105005,7
8135004,6
8133003,6
8220005,6
8117006,7
8220006,6
8394006,6
8410002,6
8124005,7
8220008,6
8410001,6
8394001,6
8131002,6
8130006,7
8130004,7
8130003,7
8130002,7
8130007,7
8124003,6
8132002,6
8393002,6
8124004,8
8123004,6
8381003,6
8520000,6
8367001,6
8122002,8
8380001,8
8122003,8
8364001,6
8366002,6
8700002,6
8700001,6
8700003,6
8334002,6
8320001,8
8324001,6
8323001,6
8334001,6
8333002,6
8319002,6
8319001,6
8316001,9
8318002,6
8316002,9
8317005,9
8317001,9
8332002,6
8358002,6
8317003,9
8317004,9
8821005,6
8821006,7
8358003,6
8358005,6
8330002,6
8343001,6
8358004,9
8313002,9
8351003,6
8351001,6
8341003,9
8822008,9
9101003,9
9101001,9
8353001,6
8312002,9
8308000,9
8343002,6
9102003,9
8307002,9
8350002,9
9122003,9
9104003,9
9105002,9
8930000,9
9113003,9
9112000,9
9123002,9
9123001,9
9122001,9
8304004,9
9120002,9
9111002,9
9120003,9
9114001,9
9124001,9
9116002,9
9116001,9
8301001,9
9131002,9
9130001,9
9129002,9
9129005,9
9151001,9
9129004,9
9129006,9
9140002,9
9140001,9
9153001,9
9400000,9
9401001,9
9402001,9
9403001,9
9135002,9
9404002,9
9135003,9
9135004,9
9404001,9
9404003,9
9437002,9
9438001,9
9405001,9
9423001,9
9433003,9
9416002,9
9417001,9
9439001,9
9420003,9
9417002,9
9420002,9
9421001,9
9414002,9
9412002,9
10130001,9
10106003,9
10133000,9
9420004,9
9412003,9
10106002,9
10134002,9
10106001,9
10137002,9
10102002,14
10111002,9
10122003,9
10123006,9
10123005,9
10103001,14
10123004,9
10100005,14
10100002,14
10100004,14
10312001,9
10305002,9
10141001,9
10372001,9
10304002,9
10304001,9
10313001,9
10371001,14
10307001,9
10328001,14
10363003,14
10363004,14
10401002,14
10360002,14
10344003,14
10322002,14
10356001,14
10323002,14
10340002,14
10354001,14
10340001,14
10355003,14
10355001,10
10410015,10
10410004,10
10350001,10
10410005,10
10405004,10
10430001,10
10512000,10
10430005,10
10425001,10
10432004,10
10417001,10
10520001,10
10523001,10
10903003,10
10900002,10
10610001,11
10904005,10
10900001,11
10901002,11
10901004,11
10906004,11
10901003,11
10683001,11
10683002,11
10902002,11
10710001,11
10701001,10
11023002,11
10704002,11
11023001,11
10704001,11
11043001,11
11041001,11
11034001,11
11033001,11
11031001,11
11120001,11
11140001,11
11143003,11
11144002,11
11147003,11
11180000,11
11304001,11
11300001,11
11302002,11
11307002,11
11342002,11
11318002,11
11342001,11
11400001,11
11316004,11
11317005,11
11317001,11
11316003,11
11310003,11
11503001,11
11505001,11
11511001,11
11513001,11
11521005,11
11521002,11
11440000,11
11523002,11
11523001,11
11517002,11
11533001,11
11532000,11
11536004,11
11540000,11
11536003,11
11536001,11
11541000,11
11546001,0
11711000,0
11700001,0
11701002,0
11702000,0
12000000,0
11704001,0
11706000,0
12125002,0
12125001,0
12280004,12
12280006,12
12283004,12
12283001,12
12280002,12
12284009,12
12284006,12
12283003,12
12287002,12
12288000,12
12286001,12
12283002,12
12288003,12
12284010,12
12286002,12
12289001,12
12273000,12
12400001,12
12293001,12
12400003,12
12600001,12
12640001,12
12400002,12
12622001,12
12402000,12
12680001,12
12620000,12
12403000,12
12540001,12
12622002,12
12803000,12
12452002,12
12452001,12
12530001,12
12454001,12
12440001,12
12802001,12
12802002,12
12449002,12
12806004,12
12449001,12
12448001,12
12587000,12
12586004,12
12586009,12
12586001,12
12586010,12
12586007,12
12586005,12
12586006,12
12585003,12
12809001,12
12815001,12
12863001,12
12582003,12
12583001,12
12816001,12
12582001,12
12582002,12
12873001,12
12820001,12
12820002,12
12876001,12
12876002,12
12821000,12
12876003,12
12875000,12
12879000,12
12825002,12
12878002,12
12930004,12
12930001,12
12930003,12
12930002,12
12930005,12
950002,12
950003,12
180005,15
200006,1
230001,2
270008,3
290004,4
330007,13
330020,13
340031,6
360011,6
360019,6
380013,9
390006,9
400009,14
410005,10
450001,11
450004,11
450005,11
460001,11
470001,11
520006,12
550001,12
950001,12
220002,2
270001,3
330021,13
330019,13
330031,6
330030,13
370033,6
420004,11
430002,10
430004,11
510005,12
530005,12
COM00080002,12
CO000080001,12
COM00080035,12
VEM00080403,12
COM00080009,12
VEM00080421,12
COM00080028,12
VEM00080415,12
VE000080423,12
VEM00080407,12
VEM00080476,12
VEM00080416,12
VEM00080420,12
COM00080022,12
COM00080036,12
VEM00080479,12
VE000080413,12
VEM00080472,12
VEM00080419,12
VEM00080410,12
VE000002417,12
VE000080425,12
VEM00080435,12
VEM00080427,12
VEM00080432,12
VEM00080426,12
VE000002589,12
VEM00080428,12
VEM00080442,12
COM00080063,12
VEM00080437,12
VEM00080440,12
VE000080438,12
VEM00080444,12
COM00080097,12
VEM00080447,12
COM00080084,12
VE000080450,12
VEM00080475,12
VEM00080448,12
COM00080094,12
COM00080099,12
COM00080091,12
GYM00081001,12
GYW00010502,12
COM00080110,12
VE000005484,12
COM00080112,12
COM00080144,12
VEM00080457,12
FGM00081401,12
NSM00081225,12
FG000081405,12
COM00080210,12
CO000080222,12
VE000080462,12
CO000080241,12
COM00080211,12
COM00080214,12
COM00080234,12
FGM00081408,12
FGM00081415,12
CO000080259,12
COM00080315,12
BR008161001,12
CO000080342,12
COM00080370,12
ECM00084036,12
BRM00082098,12
ECM00084050,12
BRM00082106,15
ECM00084088,15
BR000047002,15
ECM00084132,15
ECM00084008,15
BRM00082113,15
ECM00084135,15
EC000000006,15
BRM00082193,15
ECM00084179,15
BRM00082181,15
BR000254000,15
ECM00084226,15
BRM00082336,15
BR000352000,15
PEM00084370,15
PE000084377,15
BRM00082361,15
BRM00082326,15
BR000082400,15
ECM00084270,15
COM00080398,15
BRM00082410,15
PEM00084390,15
BR037041370,15
PEM00084401,15
BRM00082562,15
BRM00082533,15
PEM00084425,15
PE000084444,15
PE000084455,15
PEM00084452,15
BR039402250,15
PEM00084472,15
PEM00084474,15
BR038484280,15
BRM00082723,15
BR000082704,15
BR038536790,15
PEM00084501,15
BR000082861,15
PEM00084515,15
BR038777060,15
PEM00084534,15
PEM00084531,15
PEM00084542,15
BR038837530,15
BR038983570,15
BR000956000,15
PEM00084564,15
BR001065002,15
BL000085043,15
BL000085041,15
PEM00084628,15
PEM00084658,15
BRM00083208,1
BLM00085104,15
PEM00084673,15
BR047635180,15
BLM00085109,15
BL000085114,15
PEM00084686,15
PEM00084691,15
BLM00085123,15
BLM00085139,1
BLM00085140,15
BL000085141,15
BLM00085151,15
BLM00085154,15
BRM00083344,15
BLM00085152,1
BLM00085153,15
BR057043270,1
PEM00084735,15
BLM00085175,15
BRM00083358,1
BR001657003,15
BLM00085196,1
BLM00085195,15
PE000084752,15
BLM00085210,15
BLM00085207,1
BLM00085201,1
BR057324290,1
BR001746008,15
BL000085223,1
BL000085230,15
BLM00085244,15
BR058514530,15
BLM00085245,15
BLM00085247,1
BLM00085242,1
PEM00084782,15
BLM00085268,15
BLM00085264,15
BR001846000,15
BLM00085289,15
BLM00085283,15
BR001957002,1
PAM00086011,15
BLM00085293,15
BR001946002,15
BRM00083587,1
BLM00085312,1
BRM00083592,1
BRM00083566,1
BR002045001,1
BLM00085315,1
PA000086033,1
BR00B6-0360,1
BR00C5-0040,1
BR002141004,2
BLM00085345,2
BL000085364,2
BRM00083698,2
BR002143012,2
BL000085365,2
PA000086068,2
BR002241001,2
AR000087007,2
BR00D8-0390,2
PA000086086,2
BR00D6-0010,2
BRM00083704,2
PAM00086065,2
PAM00086097,2
ARM00087022,2
BLM00085394,2
BRM00083746,2
BR00E4-1230,2
ARM00087016,2
BR002351003,2
PA000086134,2
PAM00086128,2
BR00E3-0520,2
PAM00086210,2
PAM00086185,2
ARM00087046,2
PAM00086192,3
AR000087078,3
PAM00086170,3
AR000870470,3
PAM00086218,3
PAM00086246,3
PAM00086234,3
BR002548005,3
PA000086248,3
BRM00083827,3
PAM00086221,3
BR002554002,3
PAM00086233,3
PAM00086268,3
ARM00087162,3
PAM00086260,3
ARM00087148,3
ARM00087121,3
PAM00086255,3
PAM00086285,3
PA000086297,3
ARM00087178,3
ARM00087166,3
AR000087155,3
AR000087129,3
ARM00087222,3
AR000087270,4
AR000087217,3
ARM00087289,4
BR002957005,4
AR000087257,4
ARM00087244,4
UY000086315,4
AR000000011,4
ARM00087320,5
UY000086330,4
UYM00086350,5
ARM00087395,4
AR000087344,4
UY000086360,4
ARM00087311,5
ARM00087349,5
UY000001405,5
AR000087374,5
ARM00087328,4
UY000086430,5
UY000001709,5
UY000001856,5
ARM00087467,5
UY000001915,5
AR000087418,5
ARM00087480,5
ARM00087497,5
ARM00087416,5
ARM00087453,5
UYM00086500,5
UY000086490,5
ARM00087436,6
UY000002206,5
ARM00087448,13
AR000087534,6
UYM00086560,6
UY000086565,6
ARM00087548,6
ARM00087582,6
AR000875850,6
ARM00087509,6
ARM00087576,6
UYM00086580,6
ARM00087593,6
ARM00087506,6
ARM00087532,6
AR000875440,6
ARM00087563,7
ARM00087640,6
ARM00087648,7
AR000087623,7
ARM00087641,7
ARM00087645,7
AR000087692,9
ARM00087688,9
AR000877500,9
AR000087715,9
ARM00087784,14
ARM00087791,14
ARM00087765,10
ARM00087774,10
ARM00087800,10
AR000087803,10
AR000087828,11
NZM00093781,11
ASN00094010,11
ASN00094013,11
ASN00094041,11
ARM00087814,11
NZ000939870,11
AR000087860,11
NZ000093844,11
FSM00061997,11
ARM00087852,11
SF000068994,11
ARM00087896,0
ARM00087880,0
ARM00087909,0
FRM00061998,0
ARM00087904,12
ARM00087903,12
NZM00093929,12
AR000087925,12
FKM00088889,12
NZ000939450,12
ASM00095997,12
ARM00087934,12
SXM00088903,12
ASM00094998,12
ARM00087938,12
AYM00088968,12
AYM00089054,12
AYM00089050,12
AYM00089056,12
AYM00089251,12
AYM00089058,12
AYM00089053,12
AYM00089057,12
AYM00089059,12
AYM00088963,12
AYM00089055,12
AYM00089061,12
AYM00089063,12
AYW00086101,12
AYM00089611,12
AYM00089592,12
AYM00089642,12
AYM00089062,12
AYM00089564,12
AYM00089542,12
AYM00089066,12
AYM00089571,12
AYM00089532,12
AYM00089573,12
AYM00089574,12
AYM00089657,12
AYM00089001,12
AYM00089002,12
AYM00089512,12
AYM00089514,12
AYM00089004,12
AYM00089504,12
AYW00087701,12
AYM00089662,12
AYW00057701,12
AYM00089022,12
AYW00057801,12
AYW00067402,12
AYW00087602,12
AYW00057401,12
AYM00089034,12
AYM00089664,12
AYW00067601,12
AYM00089606,12
AYW00067401,12
AYW00077401,12
